"
"...
"คน
"ผมขอ
"รอ
"เนี่ยะ
"เนี๊ยะ"
"เพียเจ้ท์"
"เฟิรส์
+
,
,.
-
.
..
.."
...
..."
.......
...........
.............."
...เลสลี่ย์
.วู๊ด
.แม
/
/ก
/ว.
0
0.187
0.20
0.266
0.358
0.394
0.5
0.54
0.548
0.766
0.85
00
000
0001
001
00103
0015309
0016
0029
003
0039
004
005821
005822
005832
0086
01
010
0126
01302
0166
017
02082
02222
0223015907
024
02410
02888
03.15
03016200
03269
04
0407565
0407566
0407567
041
05
05548
061
0619
063
06384
06385
06386
0649
0706
0706.04
0709.04
0711
08
08.00
09
0967
1
1,000
1,000,000
1,008,358
1,008,400
1,017
1,018,358
1,023,323.01
1,027,347
1,030,000
1,032,511.85
1,040
1,040,000
1,041,993.15
1,043,500
1,043,726.61
1,046,915
1,050,000
1,059
1,060,000
1,080,000
1,080,667
1,087,000
1,100,000
1,122,516
1,123,195.50
1,125,722.53
1,126
1,127,235
1,130,000
1,142,754.58
1,143,900
1,159,531
1,159,667
1,166,774
1,174,228.06
1,190,000
1,192,400
1,192,727
1,194,324.05
1,199,205.48
1,200
1,200,000
1,200,703.63
1,204,687.50
1,205
1,230,107.29
1,237,000
1,240,000
1,243,116.84
1,246,989
1,250
1,250,000
1,263,158
1,270,500
1,275,727
1,280,286.64
1,286,150
1,287,000
1,290,963.89
1,300
1,300,000
1,302,631
1,325,689.28
1,328
1,331,454
1,336.50
1,350,000
1,352.82
1,358,638.07
1,360,000
1,375,000
1,380,600
1,385,000
1,400,000
1,400,004
1,406,148.07
1,407,548.25
1,410,600
1,412,100
1,413,807.60
1,420,000
1,440,000
1,447,892.26
1,464,215.97
1,478,000
1,485,000
1,489,061
1,497,500
1,500
1,500,000
1,502,980
1,524,000
1,528,911.69
1,535,860.30
1,551.50
1,559,727
1,560,000
1,581,014
1,600
1,600,000
1,618,700
1,623
1,645,001.08
1,651,376.15
1,657,900
1,658,783.40
1,660,000
1,668,000
1,688,032.99
1,700
1,701,560.20
1,704,250
1,704.09
1,732,347.90
1,750,000
1,766,714
1,778,979.45
1,782,439.27
1,787,000
1,800
1,800,000
1,820,000
1,824,210
1,825,249.28
1,834
1,836,968.27
1,872,500
1,880,193.30
1,890,372
1,900
1,914,316
1,936
1,960,000
1,972,417
1,995,000
1.1
1.10
1.2
1.210
1.25
1.3
1.30
1.4
1.40
1.5
1.6
1.7
1.8
1.819
1.9
1.91
10
10,000
10,000,000
10,150
10,243,000
10,311,006
10,400
10,407,644
10,440,104.38
10,440,104.83
10,500
10,680,782.01
10,724,884
10,740
10,800
10,841.55
10,887,671.26
10,894.07
10,900
10,948,734
10.1
10.2
10.75
100
100,000
100,000,000
100,212
100.77
1000
10000
10001
10002
10003
100099
1001
100122
100125
100167
100168
1002
1002071
1002372
1007
101
101,000,000
101,922.78
10113
1015
10156
10157
101742
101788
102
102,334
102307
102308
10231
102371
10281
103
103,400
103,844
103,960
104
104,000
104,375
104,407.39
1044
1048
105,040,000
105,329,583.31
105,500
105,510
105,843.04
1051
1058
106
106,666.66
106093
106204
106205
1063
1064
1065
107
1070
1074
1077
108
108,200
108,220
1080
108980
109
109,000,000
109,080
109011
109012
109013
109014
109015
109016
1095
1096
10991
11
11,000
11,000,000
11,051,483
11,100,000
11,216,537.64
11,216.19
11,371,500
11,500
11,532.159
11,573,683
11,672,899.76
11,700,000
11,875
11,880,150.68
11,894,240.15
11,967,892.66
11.0
11.1
11.15
11.3
11.44
11.5
11.6
11.75
110
110,000
110,822.68
1105
110500
110501
1106
111
111,576,150
11102
1111
112
112,000
1122
1123
11230
1125
1127
113
113,760
114
114,000
114,479.05
1143
114563
115
11534
116
11665
11667
1167
117
117,000
117,246.67
1174
11750
1176
11765
118
118,191,930.54
118,809,662.27
118,830
1184
11843
1186
119
1196
12
12,000
12,000,000
12,009,506
12,205.30
12,251,293
12,332,156.61
12,448,688
12,600
12,876.30
12,876.49
12.00
12.378
12.5
120
120,000
120,000,000
120,024.30
120,468,000
1201
1203
120556
1206
121
12110
12111
122
122,000
122,500
1220
1222
123
12319
124
1242
12429
12490
125
125,000
125,074.65
125,423
125.7602
125905
126
1263
1264
1266
1267
1269
127,104,145
1274
12742
1277
128
128,000
128,700
129
1292
129398
129400
1297
1299
13
13,000,000
13,207
13,212,630
13,240,000
13,487.72
13,549
13,600
13,600,000
13,612,526
13,735.40
13,829,044.14
13,844
13,883
13,913,886.95
13,920,264.16
13.00
13.10
13.30
13.5
13.50
13.6
13.75
130
130,000
1300
130001
13005
1301
130313
130315
130316
1304
131,088.45
1310
1311
1314
13161
13162
13163
13164
13165
13167
132
132,000,000
1324
1327
133
1330
13323
13328
133476
1336
134
134,011.03
134,028
134,182,448.75
1342
134229
1343
134302
1345
135
135,025,000
135,575
1350
13538
1359
1360
13623
13624
1364
1367
1368
137
137,666
137029
137030
1371
1373
1374
1375
1377
138
1381
1382
13851
1387
13898
139
1390
13902
14
14,000
14,000,000
14,108.62
14,140,104.38
14,220
14,420
14,500
14,546,252.18
14,598,355
14,777
14,781,222.16
14,844
14,990,324.43
14.20
14.5
14.75
140
140,000
1401
1403
1404
141
1415
1417
1419
142
142,342.10
142,596
143
143,850
144
1440
1448
145
145,254.26
14521
1454
146
146,641.77
1461
1464
147
147,210
147,525
1472
1473
1474
1476
148
1480
149
14929
1494
15
15,000
15,000,000
15,060,000
15,110.87
15,192
15,317
15,812.71
15,922.46
15,988,800
15.00
15.20
15.30
150
150,000
150,536
15030
151
1513
1514
1516
151623
151625
151627
152
152,000
152,385
1522
15228
1523
15236
1525
1526
15273
15281
153
1532
1533
1535
154
15443
155
155,850
156
156,078
1561
1567
157
157,000
157,352
157,360.85
15700
158
158,000
158,437
1582
1585
1589
15937
1597
1599
16
16,000
16,085.20
16,087,500
16,100
16,100,000
16,434,229.80
16,513,053.81
16,540,757.80
16,575,000
16,640,120.96
16.20
16.30
16.5
16.50
160
160,000
1600
1601
1605
161
16111
1612
162
162,781,653.13
1625
1628
163
163,700
164
16489
1649
165,000
16502
1651
166
166,327.42
167
168
16848
16849
16867
16868
16869
169
169,000
1695
17
17,000
17,000,000
17,142.80
17,309,886.95
17,434.92
17,500
17,666,480.33
17,932,007.38
17.00
17.20
17.30
17.5
170
170,000
170,000,000
171
1719
172
172,040
1720
1724
1726
1728
173
1733
1734
1734725
174
174,000
1740
1747
175
175,000
1750
1754
1755
176
176,000
177
17798
1782
17930
17931
18
18,000
18,000,000
18,235
18,298,683.68
18,338,467.38
18,364.93
18,750
18,800,435.96
18.38
18.636
180
180,132,092
180,132,092.39
181
181,120
181,808.08
182
182,747
182,975
1820
18260
183
18344
18351
1838
1846
185
185,535,369.86
186
186,424
186,667
18601
18602
18603
18604
18605
18606
18608
18609
18610
18611
18612
18613
18614
18615
18616
18618
18619
187
1874
1876
1877
188
188,260
1882
18871
189
189,554
19
19,000,000
19,032.41
19,041,089.38
19,068
19,105,968.77
19,375,000
19,430,444.68
19,770
19.20
19.35
19.40
19.49
19.57
19.600
190
190,000
191,000
191,500
1916
192
192,582
192,653,163.18
193
195
1950
196,520
196.679
1964
19688
197
1974
198
1984
1989
199
199,500
1992
2
2,000
2,000,000
2,000,000,000
2,000,750
2,006.13
2,010,000
2,010,780
2,026,668
2,036,246.51
2,040,000
2,041,970
2,050
2,057.05
2,062,345.19
2,068.70
2,072,133.67
2,100
2,100,000
2,110,000
2,119,942
2,159,000
2,165,000
2,168,000
2,177
2,187,015.25
2,200
2,200,000
2,207,093.11
2,207,900
2,247,600
2,257
2,270,409.60
2,275,485.90
2,300,000
2,352,382,015
2,366,995.04
2,385
2,390,000
2,400,000,000
2,409,375
2,409,750
2,414,250
2,429,778
2,429,778.57
2,434,737.92
2,462
2,480,000
2,480,429.67
2,484,936.81
2,497,253.77
2,497,592.65
2,500
2,500,000
2,650,000
2,686,753
2,715,000,000
2,750,000
2,794,873
2,800
2,800,000
2,813,867.69
2,840,000
2,847,524.76
2,850
2,852,905
2,854.80
2,855,250
2,906,971.57
2,909,988.35
2,920
2,944,000
2,969,377
2,998.60
2.1
2.1.22
2.10
2.12
2.12.7
2.13
2.16
2.2
2.2.4
2.25
2.3
2.30
2.4
2.5
2.6
2.7
2.8
20
20,000
20,000,000
20,215
20,625
20,670,054.70
20,903,456.31
20,996,922.95
20.30
20.49
200
200,000
200,000,000
200,268.35
2002
201
201,390.48
201,500
201,662,737.48
2014
20279
202876
203
203,310
203,313
2036
204
20418
20482
205
2053
206,148.32
206,520
207,353
207,706.16
208
2089
209
2091
20950
20975
2098
21
21.50
210
210,000
210,710.06
210,727.14
2107
2109
212
2124
2125
2127
2128
213
213,347.16
214
2143
2146
2148
215
216
216,000
216,241.08
217
218
2180
2181
219
219,458
22
22,000
22,000,000
22,404,218.75
22,658.32
22.05
22.47
220
220,000
221
221,800
221,873,561.45
221,935.24
22119
22188
222
222,750
222145
2226
223
2231
224
2246
225
225,000
225,100
225,253,013.07
2250
226
226,925
226058
226059
2266
227
227,779
2273
228
229
229966
229967
23
23,000
23,000,000
23,400
23,400,000
23,690.81
23,721,120
23,844
23.11
23.20
23.33
23.375
231,775.70
2316
232
232,000
23260
233
233,600
2332
2335
234
234,681.13
234,723.06
235
235,636.10
23541
236
236832
237
238
239
239,452,000
24
24,000
24,643.25
24,682,350
24,704,275.50
24,800
24,829,590
24,940.29
24.15
24.2
24.348
240
240,000
24035
241
241,676
2416
242,000
243
243,000
2430
243046
244,152.50
2442
245
245,479
2457
246
2465
2469
247
247,000
247,975
2474
2475
24767
2478
248
2483
2484
2486
2488
2489
249
2490
2493
2495
2496
24966
2497
2498
2499
25
25,000
25,000,000
25,220.73
25,382.74
25,500,000
25,510
25.6
250,000
250,000,000
2500
2501
2502
2503
2504
2505
25068
2507
2509
2510
2511
2515
25153
2516
2517
2518
2519
252
252,089.50
2520
2521
2522
2523
2524
2525
2526
2527
2528
2529
253
253,587
2530
2531
2532
2533
2534
2535
2536
2537
2538
2539
2540
2541
2542
2543
2544
2545
2546
2547
2548
2549
2550
2551
2552
2553
2554
2555
2556
2557
2558
2559
256,925
2560
2561
2562
25674
2572
2573
2576
258,120
2586
259
25918
2595
26
26,000
26,381,095.80
26,870
260,000
260,597.80
2606
2609
261,587
261,676
262
263
2630
2636
264
2640
265
2657
266
266,001
266,666.66
26616
2666
267
267.320
268
26858
26859
269
27
27,000
27,173
27,581.25
27,659
27,984,261.73
27.1
270,000
271
271,092.80
2714
272
27240
273
2730026
274
27459
27460
27461
2749
275
276
276,395.28
277
277,188
278
278,313
27850
279
2797
28
28,000
28,261,499.63
28,962.50
28,974.03
28.4
280
280,000
2801323
2801330
2804288
2804290
2804292
2804296
2804297
2804298
28090
28091
281
282
2824
283
283.22
284
284,500
2841
285
286
287
287,292
2875
2876
2877
288
2887
289
29
29,092.94
29,240,041
29,381.78
29,900
290
290,041.24
2904
2905
291
291,970
293
294
294,735
2946
295
295,200
295,225
29537
296
296,120
29677
297
298
298,508.19
298,700.519
299
299,509,054.30
299,821
3
3,000
3,000,000
3,008,529.71
3,009,253.77
3,017,500
3,026,668
3,045,252.62
3,052,191.10
3,100,000
3,109,457.48
3,115.52
3,141,822
3,150,000
3,200,000
3,212,295.92
3,217,050
3,219,855
3,243.20
3,274.50
3,281,732.60
3,300,000
3,313,333.33
3,327,808.90
3,336,147.60
3,356,220
3,360
3,4
3,400,000
3,500
3,500,00
3,500,000
3,517.184.20
3,520
3,520,915.66
3,527,500
3,528,533
3,530,584.09
3,561,499.63
3,578,078.36
3,600
3,633,875
3,645,590.39
3,650,000
3,710,077.28
3,724,770.50
3,757,450
3,797,562.50
3,800
3,800,000
3,885
3,900
3,936,721
3,961
3.1
3.2
3.4
3.5
3.50
3.80
30
30,000
30,000,000
30,175.29
30,200,000
300
300,000
301
3013310
302
302,313
302,623.80
30234
30235
30243
30248
30271
30275
30277
30278
303
303,300
30313
30315
30320
304
304,940
305,200
306
3079
308
309
3091
3092
3093
3099
31
31,343
31,578,880
31,785,714.29
31,999,000
310
3106821
312
312,000,000
312.85
313,430
313,700
314.25
3141
3164
317
318
319
319,687.50
32
32,450
32,489,592.33
32.725
320
320,625
321
321950
322
323
323,850
3231
3233
3242
32481
325,000
326
328
329
329,375
33
33,000
33,482
33.726
330,000
330,649,052.70
33021
3308
333
333,000
333,559
3331
334
334,796
335
336
336,000
3362
3368
337
337,278
3380
339
339,500
3395
34
34,000
34,333,944.57
34,374.50
34,500,000
340
340,148
3406387
341
342
342,446
342,693.07
343.290
344
34507
34508
346
347
347,716.83
348,200
348,379
349
3493
35
35,000
35,091.89
35.963
350
350,000
352
352,000
352,020,000
35293
353
35356
35357
35358
3536
354
354,000
355,600
3556
356
3569
357
358
359,850
36
36,000
36,047.42
36,342,098.50
36,400
36,666
36,686
360
360,000
360,898,617
361
362
3624
363,626
364
364,962
3649
365
36526
3659
368
368,060
368,588
3684
369
369,456
37
37,160
37,341,681.25
370
3708
371
372
373,416,812.80
374
374,000
37433
3748
376
376,116
378,410
379
379,102.17
3797
38
38,400,000
38,697.50
38,838
380
380,000
3800
3801
3802
3803
3804
3805
3806
3807
3808
3809
381,720
381.72
3810
3811
3812
3813
3814
3815
3816
3817
3818
3819
382
3820
3821
3822
3823
3824
3825
3826
383
383,000
384,000,000
384,436.85
3852
3853
39
39,000,000
39,420
39,950,000
390
391
392
392,140
393
393,491
394
3940
3941
395,977.86
3952
3953
3954
3955
3956
3957
3958
3959
396
3960
3961
3962
3963
397
399,000
4
4,000
4,000,000
4,000,000,000
4,075,848.050
4,100
4,129,082.97
4,145,000
4,150
4,177,088
4,180
4,230,357.24
4,262,288.49
4,264,288.49
4,283,239.33
4,350
4,359,838
4,370.31
4,420
4,424
4,476,236.85
4,500
4,500,000
4,511,890
4,511,890.85
4,540,000
4,564.62
4,596
4,600
4,607,999.50
4,655
4,670,750
4,714,952.32
4,741,389.49
4,800
4,800,000
4,818,750
4,824,182.64
4,842,596.11
4,856,250
4,865,560
4,879,222,575
4.1
4.10
4.2
4.24
4.26
4.276
4.30
4.4
4.5
4.8
4.825
40
40,000
40,000,000
40,200
40,213
40,337,482.58
40,633
400
400,000
401,037
4013
4014
4015
4016
4018
402
4020
4021
4022
4024
4027
4028
4029
403,000
4047
4048
4049
405
405,745.90
4050
406
406,000
4061
407
407,915
40709
4072
409
409.33
41
41,285
41,600
41,610
410
410,000
410,243,534.40
4109
411,093.07
412
413,916.40
4145
415
417
417,364.93
41812
41832
419
4197
42
42,000
42,000,000
420
420,000
421
421,420.11
421,585
42242
424
425
426,300
427
4273
428
4280
429
4295
4296
4297
43
43,153.29
43,262
43,314
43,610.70
43,747,137
430
432
432,750
433
433,333.33
43392
43393
4364
4366
437
438
44
44,000
44,018.93
44,130,677.24
44,317.50
44,475
44,850,000
440,000
441
441,000
44248
44249
44285
443,870.47
4443
44472
445,000,000
445,500
446
446,772.97
446,814.80
4478
448
44833
449
449,188
449,400
45
45,000
45,000,000
45,252.62
45,300
45,479
45,797,338.11
450
450,000
451,972,265.83
4516
45247
45248
453
454,470.45
456
456,749.99
4566
4569
4570
458
459,688.49
4597
46
46,598.68
46.75
460,870
464,176
4649
465
4664
467,971.75
468,000
47
47,381.61
47,879,999.80
470,018.72
470,445
470,448
4713
47201
474,700
477
4774
478,918.72
48
48,804
48,830,500
480,000
481,250
481,810
485,084
4864
487,329.36
488
488,040
489,691
49
49,060
49,594
490,000
491
491,750
4920
494
494,346
4949
495,000
4988
499
499,485
5
5,000
5,000,000
5,004,999.99
5,014,000
5,054,875
5,070,140.45
5,135
5,139,452.06
5,243,959.59
5,269
5,280,000
5,300
5,300,000
5,368
5,388,493.15
5,400
5,500,000
5,510
5,533,613.50
5,550,000
5,577,092
5,600,000
5,695,123.29
5,831,673,100
5,900,000
5,940
5,958,200
5,968,520,515.86
5,968,520.86
5.12
5.3
5.5
5.74
5.9
50
50,000
50,000,000
50,360
50,400
500
500,000
501,488
506,400
50661
50663
5084
509,179
51
51.09
510,000
511,235.76
511,661.12
5110060
5127
513,333.33
513,561.68
516
519,945,403.97
52
52,800
523,691.80
5230
524
5245097
525
526
526,140
5273
529,846.58
52927
53
53,100
53,435.28
5303
532
532,660,000
534
536,250
539,000
54
54,000
54,000,000
54,735
54,780
540,000
54042
541,970
542,397.80
54241039
54243442
544
544,403.93
5442
546
546,762.50
547
5482
55
55,000
55,110,205
55,580,000
550,000
550,774.80
55070
551,500
5515
552,500
553,289.67
5555
556,956
557,857
5570
5576
55872
56
56,000
56,213
560,000
5608
5634
5635
5646
565
565,000
5680
5689
569
56958
56959
57
57,131.495
57,550
570
571,200
5726
573
5744
577
58
58,080
58,100
580,000
581,000
582
583
584,867.73
587
58855
59
59,383
59,400
590,000
5920
5925
5927
594,000
594,800
594,825
5969
598
5995
6
6,000
6,000,000
6,013.80
6,017,215.93
6,062
6,111,234,103.48
6,137,500
6,137,606,819
6,160,000
6,247
6,300,000
6,380,000
6,393,750
6,400
6,447
6,500
6,500,000
6,516,700.93
6,552
6,587,000
6,587,500
6,600
6,667
6,790,900
6,830,000
6,856,818.57
6,866,694.98
6,960,016.62
6.1
6.15
6.5
6.6
60
60,000
60,160,000
600
600,000
6006
602,100
605,000
606,900
607
608
61
61,000
61,126.50
61,192,775.19
61,320.441
61,968,000
611
6196
62
62,136.99
62,226.06
621,500
62277
623,612.52
6252
626
627
6276
6280
6283
63
63,668.75
63,724
63,740
63,742
63,888
630,000
630,275.19
6301
6306
6318
633,218
635
635,000
635,250
6358015
6359
63986
64
64,100
64,200
64,770
64,770.04
641,250
64257
644
64589
64636
648
648,456
65
65,000
650
650,000
6512
653
654
657
658,960
659
66
66,000
66,787.99
66,806.86
660
661
661,349.88
6614
6632
665
666,385
666,666.66
668,953.50
67
67,854.70
67,967,296.11
6709
671
67136
672
672,000
672,553.05
673
675,000
676,215
677,439.50
67750
68
68,200,000
68,580,000
680,000
681
682
682,422.20
682,500
684619
68494
685
68512
686
688
689
69
69,338.60
690
690,075.48
693,750
695,016
695,737.60
69534
697,773.78
6974
699
7
7,000
7,000,000
7,062,500
7,084,795.31
7,101.75
7,128,638.31
7,176,000
7,312,280.33
7,359,838
7,422,000
7,480
7,500
7,500,000
7,506,460.36
7,550,000
7,592,580.07
7,662.30
7,851.20
7,875,000
7,884
7,960,000
7,970
7.1
7.2
7.4
7.42
7.5
70
70,000
70,000,000
700
700,000
700,000,000
701
702
703,774
7047
706
707
708
71
71,605
710,000
711
7111
712
717,123.20
717,420.47
718,023.90
718,224.30
72
72,000,000
720,024.30
721
721,575.80
7211
722
722,750
7252
729,000
729,745.42
73
73,000
73,332
73.1
731
731,328.34
731,717
733
733.26
737,768.11
74
74,000
74,501
74,917.93
741
743,140
743,223.07
744
745
745,000
74563
748
75
75,000
75,276.35
75,480
750
750,000
750,402,709.47
750,855.30
751,355.02
752,142.40
752,541.19
7524
753,946
754,069.21
75401
756
7586
76
76,448.18
76,590
76,893
7612
7613
7614
7620
766
767
7678
77
77,706.16
77,838,700
77050
7710
774
775,000
775,954.52
7756
7757
7785
7795
78
78,067.86
78,313
7826
78820
78821
78822
79
79,000
79,134
790
790,741.60
791
791,600
792,857
795,580.33
7966
79672
798
7994
8
8,000
8,000,000
8,035,387
8,115,793.08
8,140.17
8,165,387
8,260,365.15
8,303,056
8,395,387
8,441,544
8,483,984
8,500
8,575,000
8,700,000
8,742,455.89
8,754,391.18
8,800
8,820,000
8,897,270.15
8,898,063.25
8,975,849
8,980
8.00
8.18
8.18.4
8.45
80
80,000
80,215
80,289.90
800
800,000
801
801,100
804,375
804,464.09
8042
806,563
8076
81
81,707.48
8113
812
812,420
8122
8124
81562
81608
81612
81669
819,475
82
82,500
820
820,000
82096
821
823
82371
82372
82373
82374
826
826,311.11
827,437.50
828,750
83
83,000
83,640
830,000
8313
8319
8320
8321
836,394.78
837,854
837,854.68
84
84,000
840,000
845,000
846
8461
85
85,000
85,283,120
85,594
85.169
850
850,000
850,759.18
851
855,000
858,967
86
86,000
86,91
860
865
866,666.66
868,875
87
87,000
87,500,000
871,779.14
872,000
8739
875
878
879,760.01
8798
88
88,000
880
881
882
883
883,357
8842
885
885,000
885,580.89
886
887
887,266.53
88758
88759
889
89
89,600,000
89.14
891
893,066
894
894,225
8946
897
9
9,000
9,000,000
9,200,000
9,258,700
9,295,745.56
9,296,844
9,310
9,337,453
9,519,246
9,525,287
9,539,899.38
9,699,961.17
9,720,156.04
9,750,000
9,800,000
9,871,847
9,950,000
9,993
9.3
9.30
9.440
9.5
9.56
90
90,000
900
900,000
9033
90368
90369
904
90907
90908
91
91,335
91.5
914
917
917.95
92
92.5
921
924,935.57
9246
9247
9248
9249
925
9250
9251
9254
927,200
93
93,099
93,099,000
93,727.14
93,729,968.75
93274
933,000
934
939,706.46
94
940,561,250
9402
9403
941
941,400
9431
9458
946,520.53
9460
95
95,501
950,000
950,000,000
9517
953
9551
9586
959
9594
9595
9596
9597
96
96.7
962,000
9651
966
967,024.17
9671
9673
9676
9677
9678
9679
9680
9681
9684
97
97,000
97,266
97,296
97,650
97009
972,000
9765
98
98,000,000
980,000
982,189.10
9834
984,150
987,560.20
9874
98783
989
99
99,590.56
992
993,580
9932
9956
998
999
9999
<s/>
<s>
=
A
ACTION
AIS
AT
Air
Antimony
Apnea
Automatic
Award
B
BANGKOK
BOOSTER
BRAKE
Band
Bank
Barium
Barter
Billboard
Broadcasting
C
CARBINE
CCTV
CLEANER
CONSIGNEE
COPENHAGEN
CPC
CY
Cargo
Counter
D
DDP-Delivered
DENMARK
DNA
DOWNTOWN
Duty
EAST
ENGINE
Engineering
Exhibition
FLUSH
FM
FORTRON
FUEL
Factory
Fee
Finding
Fishing
Floor
Frequency
Giogrid
Guarantee
High
Honda
House
III
IUU
Identification
Invoice
J
KPN
Kawasaki
Launch
Letter
M
MLR
MRL
Management
Marine
Master
Mr
NTS
No
ONLY
OR
ORDER
Outlet
P
PAYEE
PIPO
POSH
POWER
PROJECT
Paid
RACING
Royalty
SIGHT
SLIDE
SMC
STEVENS
Sleep
Suzuki
Syndrome
System
THAIBEX
THAILAND
TO
TRUCK
Teak
Thailand
VCMS
VHF
VTMS
Very
Vessel
Walking
Waybill
XXX-X
Y
Yamaha
abn
cctv
of
plus
significant
system
x
xxx
xxx-x
xxxx
ๆ
ๆ"
่
พ.ศ.